6144
6144
6144
6144
6144
6144
6144
6144
6144
6144
6144
6144
7776
7776
7776
9600
9600
9600
9600
11616
11616
11616
13824
13824
13824
16224
16224
18624
18432
18240
20640
20448
20256
22656
22464
24864
24480
24288
26688
26496
26304
26112
28512
28320
28128
30528
30336
32736
32352
34752
34368
34176
36576
36384
36192
36000
37344
37152
36960
36768
36768
36768
36768
36768
36768
36768
36768
36768
36768
36768
36768
36768
36768
36768
36768
36768
36768
36768
38016
37824
37632
37440
37440
37440
37440
37440
38592
38400
38208
38016
39072
38880
38688
39744
39552
39360
39168
39168
39168
39168
39168
39168
40032
39840
39648
39456
39456
39456
39456
40224
40032
40704
40320
40128
39936
39936
39936
39936
39936
40512
40320
40128
39936
39936
39936
39936
40512
40320
40128
39936
39936
39936
39936
39936
40416
40224
40032
39840
39840
39840
39840
39840
39840
39840
39840
40320
40128
39936
39744
39744
39744
39744
40224
40032
39840
39648
39648
39648
39648
39648
39648
39648
40032
39840
39648
39456
39456
39456
39456
39456
40032
39840
39648
39456
39456
39456
39456
39456
39456
39456
39456
39456
39456
39936
39744
39552
39360
39360
39360
39360
39360
39744
39552
39360
39168
39168
39168
39168
39168
39648
39456
39264
39072
39072
39072
39072
39072
39552
39360
39168
38976
38976
38976
39552
39360
39936
39552
39360
39168
39168
39168
39744
39552
39360
39936
39744
39552
39360
39360
39360
39840
39648
39456
39264
39264
39264
39264
39264
39264
39264
39264
39264
39840
39648
39456
39264
39264
39264
39264
39264
39264
39840
39648
39456
39264
39264
39264
39264
39264
39264
39264
39264
39264
39744
39552
39360
39168
39168
39168
39168
39168
39168
39168
39168
39168
39744
39552
39360
39168
39168
39168
39168
39744
39552
39360
39168
39168
39168
39168
39168
39168
39168
39168
39648
39456
39264
39072
39072
39072
39072
39072
39072
39072
39072
39072
39072
39072
39072
39072
39072
39072
39072
39072
39648
39456
39264
39072
39072
39072
39072
39072
39072
39072
39072
39552
39360
39168
38976
38976
38976
38976
38976
39552
39360
39168
38976
38976
38976
39552
39360
39168
38976
38976
39552
39360
39168
38976
38976
38976
38976
38976
39552
39360
39168
38976
38976
38976
38976
38976
38976
39552
39360
39168
38976
38976
38976
38976
39552
39360
39168
38976
38976
38976
38976
38976
38976
38976
38976
39552
39360
39168
38976
38976
38976
38976
38976
38976
38976
38976
38976
38976
38976
38976
38976
38976
38976
38976
38976
39456
39264
39072
38880
38880
38880
38880
38880
38880
38880
38880
39456
39264
39072
38880
38880
38880
38880
39360
39168
38976
38784
38784
38784
39360
39168
38976
38784
38784
38784
38784
38784
38784
39360
39168
38976
38784
38784
38784
38784
38784
38784
38784
38784
38784
38784
38784
38784
38784
39360
39168
38976
38784
38784
38784
38784
38784
38784
38784
38784
38784
38784
38784
38784
38784
39360
39168
38976
38784
38784
38784
38784
38784
38784
38784
38784
38784
39360
39168
38976
38784
38784
38784
38784
38784
38784
38784
38784
38784
38784
38784
38784
38784
38784
38784
39360
39168
38976
38784
38784
38784
38784
39360
39168
38976
38784
38784
38784
39360
39168
38976
38784
38784
38784
38784
38784
38784
38784
39360
39168
38976
38784
38784
38784
38784
39360
39168
38976
38784
38784
38784
39360
39168
38976
38784
38784
38784
39360
39168
38976
38784
38784
38784
38784
39360
39168
38976
38784
38784
38784
38784
38784
38784
39360
39168
38976
38784
38784
38784
38784
38784
38784
38784
38784
38784
38784
38784
38784
38784
38784
38784
39360
39168
38976
38784
38784
38784
38784
38784
38784
38784
38784
39360
39168
38976
38784
38784
38784
38784
38784
38784
38784
38784
38784
38784
38784
39360
39168
38976
38784
38784
38784
38784
38784
38784
38784
38784
38784
39360
39168
38976
38784
38784
38784
38784
38784
38784
39360
39168
38976
38784
38784
38784
38784
38784
38784
38784
38784
38784
38784
38784
38784
38784
38784
39360
39168
38976
38784
38784
38784
38784
38784
38784
39360
39168
38976
38784
38784
38784
38784
38784
38784
38784
38784
38784
38784
38784
38784
38784
38784
38784
38784
39360
39168
38976
38784
38784
38784
38784
39360
39168
38976
38784
38784
38784
39360
39168
38976
38784
38784
38784
38784
39360
39168
38976
39552
39360
39168
38976
38976
38976
39552
39360
39168
38976
38976
38976
39552
39360
39168
38976
38976
38976
38976
39552
39360
39168
38976
38976
38976
38976
38976
38976
38976
38976
38976
39552
39360
39168
38976
38976
38976
38976
38976
38976
38976
38976
38976
38976
38976
38976
38976
38976
38976
38976
39552
39360
39168
38976
38976
38976
38976
38976
38976
38976
38976
38976
38976
38976
38976
38976
38976
38976
38976
38976
39552
39360
39168
38976
38976
38976
38976
38976
38976
38976
39552
39360
39168
38976
38976
38976
38976
38976
38976
38976
38976
38976
38976
38976
38976
38976
38976
38976
38976
38976
38976
38976
38976
38976
39552
39360
39168
38976
38976
38976
38976
38976
38976
39456
39264
39072
38880
38880
38880
38880
38880
38880
38880
39456
39264
39072
38880
38880
38880
38880
38880
38880
38880
38880
38880
38880
38880
38880
38880
38880
38880
38880
38880
38880
38880
38880
38880
38880
38880
38880
38880
38880
38880
38880
38880
38880
39456
39264
39072
38880
38880
38880
38880
38880
38880
38880
38880
38880
38880
38880
38880
38880
38880
38880
38880
39456
39264
39072
38880
38880
38880
38880
38880
38880
38880
38880
38880
38880
38880
38880
39456
39264
39072
38880
38880
38880
38880
38880
38880
38880
38880
38880
38880
38880
38880
38880
38880
39456
39264
39072
38880
38880
38880
38880
38880
38880
38880
38880
38880
38880
38880
38880
38880
38880
38880
38880
38880
38880
38880
38880
38880
38880
38880
38880
38880
38880
38880
38880
38880
38880
38880
38880
38880
38880
38880
38880
38880
38880
38880
38880
39456
39264
39072
38880
38880
38880
38880
38880
38880
39456
39264
39072
38880
38880
38880
38880
38880
38880
38880
38880
39456
39264
39072
38880
38880
38880
38880
38880
38880
38880
38880
38880
38880
38880
39456
39264
39072
38880
38880
38880
38880
38880
38880
38880
38880
39360
39168
38976
38784
38784
38784
38784
39360
39168
38976
38784
38784
38784
38784
39360
39168
38976
38784
38784
39360
39168
38976
38784
39360
39168
38976
38784
38784
38784
38784
38784
38784
39360
39168
38976
38784
38784
38784
38784
38784
38784
39360
39168
38976
38784
38784
38784
38784
39360
39168
38976
38784
38784
38784
38784
38784
38784
39360
39168
38976
39552
39360
39168
39744
39552
39360
39168
39744
39552
40128
39744
39552
39360
39360
39936
39744
39552
39360
39936
39744
39552
40128
39936
39744
39552
39552
40128
39936
39744
40320
40128
39936
40416
40224
40704
40320
40896
40512
40992
40608
41184
40800
41376
40992
41472
41088
41664
41280
41760
41376
41184
41664
41472
41280
41664
41472
41280
41664
41472
41280
41760
41568
41376
41184
41568
41376
41184
40992
41472
41280
41088
40896
41376
41184
40992
40800
40800
40800
40800
41184
40992
40800
40608
40608
40608
40608
40608
40608
40608
41088
40896
40704
40512
40896
40704
40512
40896
41280
40896
41280
40896
41376
40992
40800
40608
40608
40608
40608
41088
40896
40704
40512
40992
40800
40608
40416
40416
40416
40416
40896
40704
40512
40992
40800
40608
41088
40896
40704
40512
40512
40512
40512
40512
40512
40512
40512
40512
40512
40512
40512
40512
40896
40704
40512
40320
40320
40608
40416
40224
40032
40032
40416
40224
40032
39840
39840
39840
39840
40224
40032
39840
39648
39648
39648
39648
39648
39648
39648
39648
39648
39648
40224
40032
39840
39648
39648
39648
39648
39648
39648
39648
39648
39648
39648
39648
39648
39648
40224
40032
39840
39648
39648
39648
39648
39648
39648
39648
40224
40032
39840
39648
39648
39648
39648
39648
39648
39648
39648
40128
39936
39744
39552
39552
39552
39552
39552
39552
39552
39552
39552
39552
39552
39552
39552
39552
39552
39552
39552
39552
39552
39552
39552
39552
39552
40032
39840
39648
39456
39456
39456
39456
39456
39456
39456
39456
39456
39456
39456
39456
39456
39456
39456
39456
39456
39456
39456
39456
40032
39840
39648
39456
39456
39456
39456
39456
39456
39456
39456
39456
39456
39456
39456
39456
39456
39456
39456
39456
39456
39456
39456
39936
39744
39552
39360
39360
39360
39360
39360
39360
39360
39360
39360
39360
39360
39360
39360
39360
39360
39840
39648
39456
39264
39264
39264
39264
39264
39264
39264
39648
39456
39264
39072
39072
39072
39072
39072
39072
39072
39072
39072
39072
39552
39360
39168
38976
38976
38976
38976
38976
38976
38976
38976
38976
38976
38976
38976
38976
38976
38976
38976
38976
38976
38976
38976
38976
38976
38976
38976
38976
38976
38976
38976
38976
38976
38976
38976
38976
38976
38976
38976
39552
39360
39168
38976
38976
38976
38976
38976
38976
38976
38976
38976
38976
38976
38976
38976
38976
38976
38976
38976
38976
38976
38976
38976
38976
38976
38976
38976
38976
38976
38976
39552
39360
39168
38976
38976
38976
38976
38976
38976
38976
38976
38976
38976
38976
38976
38976
38976
38976
39552
39360
39168
38976
38976
38976
38976
38976
38976
38976
38976
38976
38976
39456
39264
39072
38880
38880
38880
38880
38880
38880
38880
38880
38880
38880
38880
38880
38880
38880
38880
38880
38880
38880
38880
38880
38880
38880
38880
38880
38880
38880
38880
38880
38880
38880
38880
38880
38880
38880
38880
38880
38880
38880
38880
38880
38880
39360
39168
38976
38784
38784
38784
38784
38784
38784
38784
38784
38784
39360
39168
38976
38784
38784
38784
38784
38784
38784
38784
39360
39168
38976
38784
38784
38784
38784
38784
38784
38784
38784
38784
38784
38784
38784
38784
38784
38784
38784
38784
38784
38784
38784
38784
38784
39360
39168
38976
38784
38784
38784
38784
38784
38784
38784
38784
38784
38784
38784
38784
38784
38784
38784
38784
38784
38784
38784
39360
39168
38976
38784
38784
38784
38784
38784
38784
38784
38784
38784
38784
38784
38784
38784
38784
38784
38784
38784
38784
38784
38784
38784
38784
38784
38784
38784
38784
38784
38784
38784
38784
38784
38784
38784
38784
38784
38784
38784
38784
38784
38784
38784
38784
38784
38784
38784
38784
38784
39360
39168
38976
38784
38784
38784
38784
38784
38784
38784
38784
39360
39168
38976
38784
38784
38784
38784
38784
38784
38784
38784
39360
39168
38976
38784
38784
38784
38784
38784
38784
38784
39360
39168
38976
38784
38784
38784
38784
39360
39168
38976
38784
38784
38784
38784
38784
38784
39360
39168
38976
38784
38784
38784
38784
39360
39936
39552
39168
38976
38976
38976
38976
39552
39360
39168
38976
38976
38976
38976
38976
38976
38976
38976
38976
38976
39552
39360
39168
38976
38976
38976
38976
38976
38976
38976
38976
38976
38976
38976
38976
38976
38976
38976
38976
38976
38976
38976
38976
38976
38976
38976
38976
38976
38976
38976
38976
38976
38976
39552
39360
39168
38976
38976
38976
38976
38976
39552
39360
39168
38976
38976
38976
38976
38976
38976
38976
39552
39360
39168
38976
38976
38976
38976
38976
38976
38976
38976
38976
38976
38976
38976
38976
38976
38976
38976
39552
39360
39168
38976
38976
38976
38976
38976
38976
38976
38976
38976
38976
38976
38976
38976
38976
38976
39552
39360
39168
38976
38976
38976
38976
38976
38976
38976
38976
38976
38976
38976
39552
39360
39168
38976
38976
38976
38976
38976
38976
38976
38976
38976
38976
38976
38976
38976
38976
38976
38976
38976
38976
38976
38976
38976
38976
38976
38976
38976
38976
38976
38976
39456
39264
39072
38880
38880
38880
38880
38880
38880
38880
38880
39456
39264
39072
38880
38880
38880
38880
38880
39456
39264
39072
38880
38880
38880
38880
38880
38880
38880
38880
38880
38880
38880
39456
39264
39072
38880
38880
38880
38880
38880
38880
38880
38880
38880
38880
38880
38880
38880
38880
38880
